=== Before Reconstruction (Input vs. Ground Truth) ===
Total slices: 155

All slices:
  PSNR mean: 34.781614 dB
  SSIM mean: 0.420427

Tissue slices (PSNR <= 56.0 dB):
  Count    : 146
  PSNR mean: 30.761303 dB
  SSIM mean: 0.384700

Per-slice PSNR (all):
100.000000, 100.000000, 100.000000, 100.000000, 41.535412, 37.577501, 37.900902, 37.091213, 35.238308, 34.520465, 34.773152, 32.928494, 31.541678, 33.132457, 36.285535, 36.427589, 35.918796, 35.694445, 35.318232, 31.693065, 28.007373, 32.504115, 30.706267, 31.903478, 32.286922, 30.671895, 30.492691, 31.531814, 31.254561, 32.594729, 30.458318, 31.887842, 30.462036, 28.196415, 30.181137, 30.836551, 30.647680, 30.633627, 30.506627, 30.821058, 30.712066, 30.419086, 30.111322, 28.297566, 27.735542, 26.759765, 27.105923, 28.222796, 29.266947, 27.913324, 28.343027, 26.193602, 27.754896, 29.290084, 28.970640, 29.378554, 28.029325, 27.667910, 27.076782, 27.777472, 29.120607, 29.442168, 29.541885, 29.544470, 29.219532, 28.886919, 28.617518, 28.886047, 28.555430, 28.064234, 28.453964, 28.122150, 27.226538, 28.487684, 28.784211, 28.049066, 28.239554, 28.678054, 27.645707, 27.653120, 28.428669, 27.714939, 27.995059, 27.764831, 28.619044, 28.796076, 28.827998, 29.018366, 29.224300, 29.326688, 28.616565, 29.406074, 29.788737, 29.608320, 29.494139, 29.527121, 29.809384, 30.196830, 30.536770, 30.453663, 30.445968, 30.286936, 30.060181, 30.729851, 31.332659, 29.093594, 28.626829, 29.210147, 29.912068, 30.784261, 29.642674, 30.266261, 29.739564, 28.389342, 28.731902, 29.844135, 29.118757, 29.358538, 29.560857, 28.316582, 27.922182, 30.338729, 29.322878, 30.118887, 30.317929, 30.130899, 31.033792, 31.446904, 31.545329, 31.288105, 31.065533, 30.292728, 31.391239, 31.399341, 32.592277, 32.380189, 32.483286, 33.025971, 33.297646, 32.739411, 34.182998, 34.941064, 35.071490, 35.418737, 35.728596, 37.036128, 37.199886, 39.975870, 38.545174, 39.904421, 100.000000, 100.000000, 100.000000, 100.000000, 100.000000
Per-slice SSIM (all):
1.000000, 1.000000, 1.000000, 1.000000, 0.742434, 0.629771, 0.628442, 0.601185, 0.503561, 0.555213, 0.522091, 0.465303, 0.393658, 0.517152, 0.558246, 0.554432, 0.559407, 0.543442, 0.516848, 0.456639, 0.341665, 0.420608, 0.380852, 0.382714, 0.394203, 0.376736, 0.346515, 0.353883, 0.351163, 0.374746, 0.324140, 0.363297, 0.330704, 0.292645, 0.316211, 0.336937, 0.332937, 0.339000, 0.340539, 0.351394, 0.352826, 0.344797, 0.339314, 0.314207, 0.314812, 0.314452, 0.293409, 0.327704, 0.347816, 0.325888, 0.333813, 0.331622, 0.338952, 0.358932, 0.356101, 0.363790, 0.340594, 0.341869, 0.344169, 0.353878, 0.378592, 0.386125, 0.385695, 0.388752, 0.384648, 0.386449, 0.374548, 0.376562, 0.373298, 0.368200, 0.372142, 0.368756, 0.375201, 0.372270, 0.381122, 0.373686, 0.369016, 0.373216, 0.360759, 0.360910, 0.369588, 0.354658, 0.358650, 0.355396, 0.371210, 0.373687, 0.377037, 0.374501, 0.377257, 0.381972, 0.369515, 0.376258, 0.383893, 0.374578, 0.373353, 0.371194, 0.378691, 0.379930, 0.393660, 0.388496, 0.382621, 0.390407, 0.394183, 0.399287, 0.410482, 0.350347, 0.352845, 0.354177, 0.363302, 0.392096, 0.356826, 0.361752, 0.347132, 0.317120, 0.330892, 0.332601, 0.322173, 0.314898, 0.317563, 0.288976, 0.283002, 0.326515, 0.312651, 0.320432, 0.319436, 0.302127, 0.319078, 0.324487, 0.326478, 0.313256, 0.295844, 0.272624, 0.299043, 0.312643, 0.342889, 0.332637, 0.326499, 0.343712, 0.358070, 0.341226, 0.374226, 0.420019, 0.440597, 0.461556, 0.466340, 0.515249, 0.549483, 0.668327, 0.608935, 0.678059, 1.000000, 1.000000, 1.000000, 1.000000, 1.000000
